krok;sygnal_we;sygnal_wy
0;0
1;0
2;0.6
3;0.36
4;0.456
5;0.0576
6;0.36096
7;0.182016
8;0.492634
9;0.186371
10;0.416242
11;0.137923
12;0.433008
13;0.177051
14;0.446426
15;0.161625
16;0.429119
17;0.160497
18;0.438826
19;0.166998
20;0.436903
21;0.161943
22;0.435024
23;0.163849
24;0.437295
25;0.164068
26;0.436064
27;0.163198
28;0.43628
29;0.16385
krok;sygnal_we;sygnal_wy
0;0.436542
1;0.163615
2;0.534554
3;0.124253
4;0.45213
5;0.0984158
6;0.486082
7;0.13429
8;0.487235
9;0.113457
10;0.474043
11;0.118042
12;0.484709
13;0.12169
14;0.480499
15;0.116975
16;0.480196
17;0.119623
18;0.481966
19;0.119096
20;0.480588
21;0.118585
22;0.481108
23;0.119204
24;0.481167
25;0.118868
26;0.48093
27;0.118928
28;0.481108
29;0.118999
krok;sygnal_we;sygnal_wy
0;0.481044
1;0.118918
2;0.552433
3;0.0904004
4;0.492489
5;0.0715445
6;0.517142
7;0.0976496
8;0.518013
9;0.0825094
10;0.508406
11;0.0858293
12;0.516163
13;0.0884911
14;0.513106
15;0.08506
16;0.512881
17;0.0869839
18;0.51417
19;0.086603
20;0.513168
21;0.0862304
22;0.513546
23;0.0866805
24;0.51359
25;0.0864365
26;0.513417
27;0.0864794
28;0.513546
29;0.0865312
krok;sygnal_we;sygnal_wy
0;0.5135
1;0.0864723
2;0.565411
3;0.0657356
4;0.521822
5;0.0520244
6;0.539749
7;0.071007
8;0.540383
9;0.0599977
10;0.533397
11;0.0624118
12;0.539037
13;0.0643473
14;0.536814
15;0.0618524
16;0.536651
17;0.0632513
18;0.537588
19;0.0629744
20;0.536859
21;0.0627034
22;0.537134
23;0.0630307
24;0.537166
25;0.0628533
26;0.53704
27;0.0628845
28;0.537134
29;0.0629222
krok;sygnal_we;sygnal_wy
0;0.5371
1;0.0628793
2;0.574848
3;0.0478004
4;0.543152
5;0.0378301
6;0.556188
7;0.0516336
8;0.556648
9;0.043628
10;0.551569
11;0.0453834
12;0.55567
13;0.0467909
14;0.554054
15;0.0449767
16;0.553935
17;0.0459939
18;0.554616
19;0.0457925
20;0.554087
21;0.0455955
22;0.554286
23;0.0458335
24;0.554309
25;0.0457045
26;0.554218
27;0.0457272
28;0.554286
29;0.0457546
krok;sygnal_we;sygnal_wy
0;0.554262
1;0.0457234
2;0.581711
3;0.0347586
4;0.558663
5;0.0275086
6;0.568141
7;0.037546
8;0.568476
9;0.0317246
10;0.564783
11;0.0330011
12;0.567765
13;0.0340245
14;0.56659
15;0.0327053
16;0.566503
17;0.033445
18;0.566999
19;0.0332986
20;0.566614
21;0.0331553
22;0.566759
23;0.0333284
24;0.566775
25;0.0332346
26;0.566709
27;0.0332511
28;0.566759
29;0.033271
krok;sygnal_we;sygnal_wy
0;0.566741
1;0.0332483
2;0.586701
3;0.0252751
4;0.569941
5;0.0200032
6;0.576834
7;0.027302
8;0.577077
9;0.0230689
10;0.574391
11;0.0239971
12;0.57656
13;0.0247413
14;0.575705
15;0.023782
16;0.575642
17;0.0243199
18;0.576003
19;0.0242134
20;0.575723
21;0.0241092
22;0.575828
23;0.0242351
24;0.57584
25;0.0241669
26;0.575792
27;0.0241789
28;0.575828
29;0.0241934
krok;sygnal_we;sygnal_wy
0;0.575815
1;0.0241769
2;0.590329
3;0.0183791
4;0.578142
5;0.0145456
6;0.583154
7;0.0198529
8;0.583331
9;0.0167748
10;0.581378
11;0.0174498
12;0.582955
13;0.0179909
14;0.582334
15;0.0172934
16;0.582288
17;0.0176845
18;0.58255
19;0.0176071
20;0.582346
21;0.0175313
22;0.582423
23;0.0176228
24;0.582432
25;0.0175732
26;0.582397
27;0.017582
28;0.582423
29;0.0175925
krok;sygnal_we;sygnal_wy
0;0.582414
1;0.0175805
2;0.592968
3;0.0133646
4;0.584106
5;0.010577
6;0.58775
7;0.0144363
8;0.587879
9;0.012198
10;0.586459
11;0.0126888
12;0.587606
13;0.0130823
14;0.587154
15;0.0125751
16;0.587121
17;0.0128595
18;0.587311
19;0.0128032
20;0.587163
21;0.0127481
22;0.587219
23;0.0128146
24;0.587225
25;0.0127786
26;0.5872
27;0.0127849
28;0.587219
29;0.0127926
krok;sygnal_we;sygnal_wy
0;0.587212
1;0.0127839
2;0.594886
3;0.00971821
4;0.588442
5;0.00769117
6;0.591093
7;0.0104975
8;0.591186
9;0.00886992
10;0.590154
11;0.00922682
12;0.590987
13;0.00951296
14;0.590659
15;0.00914412
16;0.590635
17;0.00935093
18;0.590773
19;0.00930999
20;0.590665
21;0.00926993
22;0.590706
23;0.00931832
24;0.590711
25;0.00929209
26;0.590692
27;0.0092967
28;0.590706
29;0.00930227
krok;sygnal_we;sygnal_wy
0;0.590701
1;0.00929593
2;0.596282
3;0.00706671
4;0.591596
5;0.00559272
6;0.593523
7;0.00763339
8;0.593591
9;0.00644986
10;0.59284
11;0.00670939
12;0.593446
13;0.00691746
14;0.593207
15;0.00664925
16;0.59319
17;0.00679964
18;0.593291
19;0.00676987
20;0.593212
21;0.00674073
22;0.593242
23;0.00677592
24;0.593245
25;0.00675685
26;0.593232
27;0.0067602
28;0.593242
29;0.00676425
krok;sygnal_we;sygnal_wy
0;0.593238
1;0.00675964
2;0.597296
3;0.00513864
4;0.593889
5;0.00406681
6;0.59529
7;0.00555071
8;0.59534
9;0.00469009
10;0.594794
11;0.00487881
12;0.595234
13;0.00503011
14;0.595061
15;0.00483508
16;0.595048
17;0.00494443
18;0.595121
19;0.00492279
20;0.595064
21;0.0049016
22;0.595086
23;0.00492719
24;0.595088
25;0.00491332
26;0.595078
27;0.00491576
28;0.595086
29;0.0049187
krok;sygnal_we;sygnal_wy
0;0.595083
1;0.00491535
2;0.598034
3;0.00373662
4;0.595556
5;0.00295723
6;0.596575
7;0.00403626
8;0.596611
9;0.00341045
10;0.596214
11;0.00354768
12;0.596535
13;0.0036577
14;0.596408
15;0.00351588
16;0.596399
17;0.0035954
18;0.596452
19;0.00357966
20;0.596411
21;0.00356426
22;0.596427
23;0.00358286
24;0.596428
25;0.00357278
26;0.596421
27;0.00357455
28;0.596427
29;0.00357669
krok;sygnal_we;sygnal_wy
0;0.596425
1;0.00357426
2;0.59857
3;0.00271713
4;0.596769
5;0.00215038
6;0.59751
7;0.00293501
8;0.597536
9;0.00247995
10;0.597247
11;0.00257974
12;0.59748
13;0.00265974
14;0.597388
15;0.00255661
16;0.597382
17;0.00261444
18;0.59742
19;0.00260299
20;0.59739
21;0.00259179
22;0.597401
23;0.00260532
24;0.597403
25;0.00259799
26;0.597398
27;0.00259928
28;0.597401
29;0.00260083
krok;sygnal_we;sygnal_wy
0;0.5974
1;0.00259906
2;0.59896
3;0.00197579
4;0.59765
5;0.00156368
6;0.598189
7;0.00213423
8;0.598208
9;0.00180332
10;0.597998
11;0.00187589
12;0.598168
13;0.00193406
14;0.598101
15;0.00185907
16;0.598096
17;0.00190112
18;0.598124
19;0.00189279
20;0.598102
21;0.00188465
22;0.59811
23;0.00189449
24;0.598111
25;0.00188916
26;0.598108
27;0.00189009
28;0.59811
29;0.00189123
krok;sygnal_we;sygnal_wy
0;0.598109
1;0.00188994
2;0.599244
3;0.00143672
4;0.598291
5;0.00113704
6;0.598683
7;0.00155193
8;0.598697
9;0.00131131
10;0.598544
11;0.00136407
12;0.598668
13;0.00140637
14;0.598619
15;0.00135185
16;0.598615
17;0.00138242
18;0.598636
19;0.00137637
20;0.59862
21;0.00137044
22;0.598626
23;0.0013776
24;0.598627
25;0.00137372
26;0.598624
27;0.0013744
28;0.598626
29;0.00137523
krok;sygnal_we;sygnal_wy
0;0.598625
1;0.00137429
2;0.59945
3;0.00104473
4;0.598758
5;0.000826815
6;0.599042
7;0.0011285
8;0.599053
9;0.000953533
10;0.598941
11;0.0009919
12;0.599031
13;0.00102266
14;0.598996
15;0.00098301
16;0.598993
17;0.00100524
18;0.599008
19;0.00100084
20;0.598997
21;0.000996535
22;0.599001
23;0.00100174
24;0.599001
25;0.000998918
26;0.598999
27;0.000999413
28;0.599001
29;0.00100001
krok;sygnal_we;sygnal_wy
0;0.599
1;0.00099933
2;0.5996
3;0.000759684
4;0.599097
5;0.000601228
6;0.599304
7;0.000820604
8;0.599311
9;0.000693373
10;0.59923
11;0.000721272
12;0.599295
13;0.00074364
14;0.59927
15;0.000714807
16;0.599268
17;0.000730974
18;0.599279
19;0.000727773
20;0.59927
21;0.000724642
22;0.599273
23;0.000728425
24;0.599274
25;0.000726374
26;0.599272
27;0.000726735
28;0.599273
29;0.00072717
krok;sygnal_we;sygnal_wy
0;0.599273
1;0.000726675
2;0.599709
3;0.000552413
4;0.599343
5;0.00043719
6;0.599494
7;0.000596712
8;0.599499
9;0.000504194
10;0.59944
11;0.000524481
12;0.599488
13;0.000540746
14;0.599469
15;0.00051978
16;0.599468
17;0.000531536
18;0.599476
19;0.000529209
20;0.599469
21;0.000526932
22;0.599472
23;0.000529682
24;0.599472
25;0.000528191
26;0.599471
27;0.000528453
28;0.599472
29;0.00052877
